#qual_	Filtered	AddFilter	RawReads
0	0	0	0
1	0	0	0
2	0	0	0
3	0	0	0
4	0	0	0
5	0	0	0
6	0	0	0
7	0	0	0
8	0	0	0
9	0	0	0
10	0	0	0
11	0	0	0
12	0	0	0
13	0	0	0
14	0	0	0
15	0	0	0
16	0	0	0
17	0	0	0
18	0	0	0
19	0	0	0
20	0	0	0
21	0	0	0
22	0	0	0
23	0	0	0
24	0	0	0
25	0	0	0
26	0	0	0
27	0	0	0
28	0	0	0
29	0	0	0
30	0	0	0
31	0	0	0
32	0	0	0
33	0	0	0
34	0	0	0
35	0	0	0
36	0	0	0
37	0	0	0
38	0	0	0
39	0	0	0
40	0	0	0
41	0	0	0
42	0	0	0
43	0	0	0
44	0	0	0
45	0	0	0
46	0	0	0
47	0	0	0
48	0	0	0
49	0	0	0
50	0	0	0
51	0	0	0
52	0	0	0
53	0	0	0
54	0	0	0
55	0	0	0
56	0	0	0
57	0	0	0
58	0	0	0
59	2	0	2
60	3	0	3
61	1	0	1
62	3	0	3
63	14	0	14
64	23	0	23
65	27	0	27
66	21	0	21
67	45	0	45
68	51	0	51
69	60	0	60
70	64	0	64
71	67	0	67
72	61	0	63
73	50	0	50
74	47	0	47
75	62	0	64
76	68	0	69
77	65	0	69
78	92	0	93
79	87	0	90
80	82	0	82
81	91	0	93
82	112	0	114
83	112	0	114
84	124	0	127
85	156	0	158
86	169	0	170
87	221	0	223
88	231	0	232
89	297	0	299
90	428	0	435
91	688	0	691
92	1201	0	1209
93	316	0	321
