#qual_	Filtered	AddFilter	RawReads
0	0	0	0
1	0	0	0
2	0	0	0
3	0	0	0
4	0	0	0
5	0	0	0
6	0	0	0
7	0	0	0
8	0	0	0
9	0	0	0
10	0	0	0
11	0	0	0
12	0	0	0
13	0	0	0
14	0	0	0
15	0	0	0
16	0	0	0
17	0	0	0
18	0	0	0
19	0	0	0
20	0	0	0
21	0	0	0
22	0	0	0
23	0	0	0
24	0	0	0
25	0	0	0
26	0	0	0
27	0	0	0
28	0	0	0
29	0	0	0
30	0	0	0
31	0	0	0
32	0	0	0
33	0	0	0
34	0	0	0
35	0	0	0
36	0	0	0
37	0	0	0
38	0	0	0
39	0	0	0
40	0	0	0
41	0	0	0
42	0	0	0
43	0	0	0
44	0	0	0
45	0	0	0
46	0	0	0
47	0	0	0
48	0	0	0
49	0	0	0
50	0	0	0
51	0	0	0
52	0	0	0
53	0	0	0
54	0	0	0
55	0	0	0
56	0	0	0
57	0	0	0
58	0	0	0
59	1	0	1
60	3	0	3
61	3	0	3
62	5	0	5
63	17	0	17
64	23	0	24
65	27	0	27
66	26	0	26
67	43	0	44
68	43	0	44
69	56	0	56
70	56	0	57
71	55	0	55
72	60	0	63
73	82	0	82
74	63	0	63
75	74	0	74
76	57	0	58
77	67	0	67
78	85	0	88
79	82	0	83
80	92	0	95
81	108	0	109
82	107	0	107
83	130	0	131
84	128	0	128
85	157	0	157
86	157	0	158
87	185	0	187
88	233	0	235
89	320	0	323
90	429	0	440
91	684	0	692
92	1163	0	1172
93	304	0	305
